 <pre>

 Contingency table for Low clouds (octas)
 Selection: ALL    626 stations
Period: 20220930-20221019
Used {00,03,...,21} + 00 01 ... 12
 Limits    1.00000000       2.00000000       3.00000000       4.00000000       5.00000000       6.00000000       7.00000000    
 Each class is data <= limit, the very last > last limit
 Total number of values      888242
                                              OBSERVATION
                                 258293    16528    12841     8987     8377     7689    13087    19175 |    344977
                                  16867     3324     3174     2361     2325     2272     4052     5946 |     40321
                                  11737     2573     2485     1898     1898     1848     3411     4712 |     30562
             MNWC_preop_cirrus    10421     2575     2492     1944     1854     1729     3236     4797 |     29048
                                   9647     2487     2566     1956     1918     1903     3718     5227 |     29422
                                  10035     3003     2840     2330     2306     2264     4441     6061 |     33280
                                  13867     4199     4338     3219     3446     3646     7484    10571 |     50770
                                  37047    17239    18982    15022    17806    21870    59950   141946 |    329862

                    SUM          367914    51928    49718    37717    39930    43221    99379   198435 |    888242
                                              OBSERVATION
                                 252511    15488    11954     8262     7730     7055    11853    17212 |    332065
                                  16919     3523     3113     2358     2239     2184     3701     5525 |     39562
                                  11904     2582     2474     1956     1853     1776     3223     4552 |     30320
                     MEPS_prod    10776     2483     2501     1885     1841     1705     3244     4449 |     28884
                                   9793     2612     2511     2045     1912     1905     3509     4823 |     29110
                                  10445     2993     2931     2190     2239     2269     4462     5933 |     33462
                                  14379     4132     4384     3322     3409     3550     7382    10132 |     50690
                                  41187    18115    19850    15699    18707    22777    62005   145809 |    344149

                    SUM          367914    51928    49718    37717    39930    43221    99379   198435 |    888242

