 <pre>

 Contingency table for Cloud cover (octas)
 Selection: ALL    404 stations
Period: 20220930-20221019
Used {00,03,...,21} + 00 01 ... 12
 Limits   0.500000000       1.50000000       2.50000000       3.50000000       4.50000000       5.50000000       6.50000000       7.50000000    
 Each class is data <= limit, the very last > last limit
 Total number of values      516847
                                                       OBSERVATION
                                  41506     9282     6551     4052     2474     2570     2389     2670     4530 |     76024
                                   8843     3092     2759     2086     1641     1920     1914     2671     4483 |     29409
                                   4753     1829     1690     1440     1167     1407     1640     2395     4144 |     20465
                                   3513     1575     1372     1213     1002     1370     1517     2326     4053 |     17941
             MNWC_preop_cirrus     3351     1462     1521     1335     1048     1392     1651     2618     4638 |     19016
                                   3279     1499     1453     1393     1180     1505     1914     3143     6017 |     21383
                                   3430     1824     1632     1602     1406     1800     2370     4121     7917 |     26102
                                   4849     2520     2231     2369     1913     2743     3853     7310    14450 |     42238
                                  12360     6346     5959     6443     5354     9228    16447    49993   152139 |    264269

                    SUM           85884    29429    25168    21933    17185    23935    33695    77247   202371 |    516847
                                                       OBSERVATION
                                  41028     9192     6367     3925     2365     2451     2282     2570     4355 |     74535
                                   8640     2975     2647     2058     1597     1951     1874     2772     4322 |     28836
                                   4449     1757     1615     1379     1140     1357     1599     2228     3942 |     19466
                                   3510     1464     1379     1211      986     1212     1493     2251     3978 |     17484
                     MEPS_prod     3311     1456     1409     1268     1055     1369     1569     2536     4459 |     18432
                                   3135     1475     1525     1350     1162     1487     1805     2953     5529 |     20421
                                   3537     1753     1618     1589     1398     1826     2316     4012     7639 |     25688
                                   4868     2508     2244     2288     1833     2671     3907     6974    13699 |     40992
                                  13406     6849     6364     6865     5649     9611    16850    50951   154448 |    270993

                    SUM           85884    29429    25168    21933    17185    23935    33695    77247   202371 |    516847

