 <pre>

 Contingency table for Cloud base (m)
 Selection: ALL    654 stations
Period: 20220930-20221019
Used {00,03,...,21} + 00 01 ... 12
 Limits    70.0000000       150.000000       300.000000       600.000000       1000.00000       1500.00000       2500.00000       5000.00000    
 Each class is data <= limit, the very last > last limit
 Total number of values      855314
                                                       OBSERVATION
                                   9620     6739     3676     1763      990      756      613     1078     2601 |     27836
                                   2594     7025     6069     2585      897      272      236      262      261 |     20201
                                   2202     8576    18977     9682     2915      813      531      491      352 |     44539
                                   1746     5331    22081    38782    14377     3858     1932     1795     1938 |     91840
             MNWC_preop_cirrus     2593     3373     9544    26823    45478    15605     5653     4577    11923 |    125569
                                   1673     2648     6926    12039    21608    24765    11479     7147    17215 |    105500
                                    808     1245     3643     5658     6512     6683     9993     4873     3136 |     42551
                                    785      929     2351     4664     4820     4188     5711    15311     2735 |     41494
                                   6082     3870     9927    22649    35848    27378    19617    37637   192776 |    355784

                    SUM           28103    39736    83194   124645   133445    84318    55765    73171   232937 |    855314
                                                       OBSERVATION
                                  10600     7862     4157     1980     1206      940      806     1142     2794 |     31487
                                   2687     7618     7010     2613     1001      347      321      281      380 |     22258
                                   1941     8327    19837    10189     3058      983      669      621      430 |     46055
                                   1686     5173    22799    40737    15195     4099     2243     2158     2259 |     96349
                     MEPS_prod     2561     3250     9501    27568    47485    16603     6187     5431    13470 |    132056
                                   1635     2357     6250    11491    21434    24843    11585     7709    17788 |    105092
                                    563      873     2913     4737     5769     5848     9004     4187     2886 |     36780
                                    657      742     2012     4105     4378     3781     5431    14385     2487 |     37978
                                   5773     3534     8715    21225    33919    26874    19519    37257   190443 |    347259

                    SUM           28103    39736    83194   124645   133445    84318    55765    73171   232937 |    855314

